1003831
1103432
1129033
1133072
1167538
1449640
1528696
2758565
2760219
2760710
3027681
3364732
4070275
4165850
4294779
4464022
4605846
4616072
4646810
4897275
5109298
5868998
5882269
6276559
6663331
6892385
6893917
7020254
7059054
7088246
7413227
7422496
7439481
7548817
7561203
7624182
8260536
8400842
8516795
8677530
8767448
8853478
8967242
9006668
9033144
9100874
9155187
9346507
9348006
9392421
9725627
9727392
9804616
9858404
10837041
11111899
11521555
11561667
11996814
12421862
12423815
12862099
13021029
13023378
13349647
13684720
14091633
14091704
14336130
14344979
14570132
14614418
14661418
14770122
15247229
15445551
15863518
16076354
16288184
16740101
16884216
17005768
17150865
17746821
17993892
18017227
18373995
19025965
19028197
19451711
19519368
19684256
20096620
20178111
20182165
20299658
20318757
20897611
21113347
21279791
21535395
21744120
21755546
21832928
22186226
22221375
22233480
22529346
22683951
22843856
23059280
23229805
23389848
23650642
23982469
24358417
24695044
25139786
25155310
25375553
25799609
26017005
26469462
26547036
26826078
26880783
27064468
27194429
27318774
27491137
27649847
27769688
27774415
27848472
27916356
27966179
27990610
28116365
28230919
28873762
28900646
28961316
29017001
29105766
29117085
29119552
29191624
29344935
29781292
29831208
29857954
29918916
29959760
29960109
29960110
30122649
30312676
30329585
30828562
31268146
31374837
31515092
31553893
31637479
31858843
31858844
32090583
32283946
32460142
32487566
32497972
32499655
32830028
32949762
33091590
33091633
33153766
33350443
33521996
33692729
34068865
34077285
34551972
34646336
35009898
35022727
35516889
35582553
35857242
36352297
36440357
36592530
36724087
36734222
37084932
37117064
37168957
37575651
37770169
38087018
38161230
38467100
38541473
38603673
38680052
38686737
38696105
38846515
39018923
39077574
39080923
39143128
39200363
39699648
39858507
39903405
39926974
40083958
41387532
42755801
42821097
43064903
43647325
44313455
44631965
44647437
44737596
44745077
44792534
44797824
46096489
46631742
47094691
47484268
47525799
47617161
47911178
48018596
48103627
48217457
48476907
48476908
48506505
49079670
49428710
49687222
49771092
49899799
49967354
50309953
50365310
50618703
50712784
51024887
51234631
51912829
52041724
52204645
52280468
52368076
52548453
52640302
52689469
53189332
53287554
53307409
53427308
53458803
53593457
53735810
53750200
54002556
54044474
54085154
54390047
54962195
55092869
55266835
55383975
55452495
55650590
55652896
55748194
56399553
58472992
58533991
58542531
59003115
59128183
59843967
59859387
60286662
61098812
61109252
61538902
61980227
61988212
62301521
62483237
63189173
63211674
63303499
63452790
63898957
64071894
64531556
65212867
65347776
65412605
66356824
66413476
66497310
66561343
66818296
67196573
67418624
67630845
67646988
67666096
67772767
67782629
67926921
68388114
68573534
68577662
68646526
68850908
69068526
69679391
69819610
69997672
70420766
70440470
70513361
70785910
70797900
70887357
70899085
70914192
71013298
71134735
71268730
71347873
71396541
71431780
71512186
71612483
72668830
72985822
73038411
73228647
73560357
73649615
73717937
73723286
74482749
75262942
75878355
76419763
76923707
76989773
77031413
77031414
77044471
77156657
77156829
77228304
77253676
77437543
77527511
77951245
78055054
79292541
79748331
80166433
80275202
80567842
80682484
80711765
81077799
81212286
81419525
81429971
82128636
82362447
82508808
82707763
83092282
84339983
84599716
85031598
85242435
85266608
85293053
85593751
86263325
86273567
86280613
86396382
86951294
88385463
88485645
88684250
88840705
88863718
88977253
88992642
88996391
89020549
89256802
89510024
89535068
89544985
89702406
89759617
90448944
90504905
90544017
90850770
90853136
91251292
91481801
91987762
92013169
92226327
92352620
92359850
92677094
92783821
92880568
93125144
93594834
93963408
94609570
94727308
94986319
95129101
95234976
95337971
95361530
95660472
96246348
96291218
97158538
97409519
97486178
97568467
97700520
97735908
97766057
98283926
98545929
98669309
98753307
98796344
98957720
99097200
99224131
99330090
99572130
99834717
99869022
100014359
100097716
100099031
100100827
100566492
100608026
100757807
100990000
101011575
101230735
101395259
101497191
101520163
101721385
101948569
101955023
102030574
102192004
102195674
102264230
102672709
102840239
102848207
103195323
103448870
103604037
103633434
103751498
104024556
105801221
105840719
106402532
106997505
107782586
110428269
110996418
111991770
112026224
112395568
112604564
114018671
114299824
114749636
115453244
115457180
115771549
116156517
116242971
116257066
116264089
116483514
116483734
116608612
117256577
117275513
117789567
117799904
117979455
117979694
117979897
118021229
118084044
118327550
118586896
118956453
119292328
119584412
119700084
119925436
120247528
120269103
120585579
120602501
120610833
120757718
120826158
120896927
120916706
120960812
121338379
121660904
121966220
122220263
122441491
122596693
122612091
122613513
123233041
123482865
123495874
123664207
123702439
123846039
123898871
124573851
124709665
124778445
125442121
125552076
125735470
125739286
125894957
126325149
126606859
126733133
126737992
127315102
127530399
127793615
128449971
128463355
128790976
129637892
129839175
129979528
130181866
130415266
131081852
131419878
131743355
131979339
133334108
133654092
134200185
134396419
134404603
134471108
134537478
135036669
135083444
136274063
136916387
137420801
137500798
137881699
137899948
137903329
137906197
138017750
138126035
138168780
138294130
138359318
138361973
138475192
138497780
138588540
138644215
138727432
138762614
138819293
138968089
139148528
139198430
139251123
139285832
139528693
139733308
139771134
139853601
140067837
140068425
140691463
140706664
140760434
140830390
141205978
141227133
141363913
141527579
141608198
141663464
141768070
141776043
142087638
142090065
142105158
142117976
142276270
142378043
142381532
142387023
142394656
142562395
142635225
142784687
142868621
142918609
142937186
143008050
143022742
143143769
143257766
143271144
143350972
143526444
143994283
144000801
144043410
144065872
144193715
144276942
144297844
144301273
144336525
144401492
144440290
144441148
144645881
144700903
144956678
145027461
145750719
145879095
145982812
146165619
146172354
146244533
146282666
146406806
146463781
146467675
146520535
146523262
146589986
146776480
146846569
147203645
147284470
147340931
147425389
147576037
147660201
147761049
147890655
147950620
147951030
147977348
147994863
148228019
148659924
148679712
148782377
148914726
149010208
149301575
149496868
149539158
149601126
149601557
149603524
149833117
149845414
149917086
149918151
149969625
149990841
149995163
150030205
150098860
150151262
150167117
150271680
150299840
150388393
150428135
150430484
150437346
151681127
151825527
151959065
152147232
152476657
152563846
152852327
153065527
153077621
153078576
153651591
153896150
153937417
153949511
153951307
154089169
154105890
154126149
154181821
154618248
154716798
154840461
154867950
154872375
154927364
155044736
155114483
155491828
155873992
155995204
156002449
156016136
156075294
156115721
156215204
156816238
156987351
156991337
157266693
157568289
157586003
157698565
158002130
158025009
158167408
158170594
158241252
158276040
158297421
158324245
158388163
158551257
158561566
158588995
158623531
158916431
158978373
159098316
159107668
159332859
159334269
159438097
159510109
159742538
159781361
159815224
159951311
160045097
160148385
160162987
160268701
160328683
160578764
160618074
160708862
161032923
161156159
161223358
161477033
162246865
162362398
162689341
162695785
162802770
162922904
164173105
164767175
164786087
164892194
165297570
165317334
165431806
165551882
165763244
165827520
165885558
165987272
165989915
166053959
166086403
166184426
166184428
166648874
166739520
166833457
166836920
167031605
167303382
167415965
167418898
167418903
167714792
167754523
168699373
168871868
169226822
169249234
169461816
169532369
169765334
169904935
169958952
170102285
170634116
170789802
170849515
170889511
171160243
171160885
172110606
172193428
172370679
172464366
172518755
172598832
173103335
173612049
173640199
174302697
174599051
175176327
175193677
175310067
175477257
175482273
175532955
176220787
176685457
176772671
176778112
176796997
176831592
176860064
176956893
176957796
176984236
177126182
177162886
177308364
177722855
178155732
178217113
178284730
178289267
178367144
178709444
178819686
178879588
179034327
179155220
179317684
179319057
179582003
180145006
180285396
180695581
180987952
180991313
181159386
181304295
181804752
182943944
183120439
183532609
183537452
183593642
183675732
183979262
183985250
184240683
184468386
184679932
184892124
184952758
186000935
186547153
186599508
186812530
188570092
188589164
188593930
188768068
188989177
189625051
190271688
190496853
190990336
190998418
191284318
191928543
192790476
192826603
193413306
193641523
193754373
196286587
197959526
198008005
198077394
198108326
198153540
198186769
198187049
198189972
198212955
198213332
198241702
198385543
198390247
198485881
198588220
198610218
199376584
199444169
199688472
199731190
200322593
200593988
200723869
201177276
201186294
201233610
201248411
201508515
201604954
201642601
201793781
202185707
202425357
202504234
202563254
203189770
203214081
203214138
203287192
203289099
203377303
204317710
204376737
206352378
206466531
206474443
206498307
206541859
206609630
206669860
206686292
206785987
206906112
207077681
207081058
207084429
207110080
207141131
207339000
207425167
207425203
207468071
207501148
209459275
209752908
210873792
211438925
212253390
212957629
214361331
216935214
218795833
219015370
219113246
219164808
219175972
219187649
219189765
219205407
219208037
219239945
219253008
219306934
219338557
219345200
219379012
219388773
219401954
219436394
219501568
219508169
219698776
219698950
219762508
219821826
219850915
219852584
219854185
219857012
219866209
219879302
220016044
220029715
220396259
220435095
220475245
220479565
224225541
224245334
224297258
224298134
224601047
228381868
228507250
229047362
229091748
229141709
229384040
229400092
229455001
229490898
229510866
229536616
229581160
229586455
229605891
229639351
229671380
229715760
229742722
229750058
229770036
229781583
229787062
229791084
229811538
229938290
230001847
230017324
230017325
230086768
230087585
230088370
230127302
230129753
230375747
230377505
230386397
230388132
230982885
231063955
231081369
231289421
231297123
231630147
231663901
231670397
231702397
231736113
231850364
232038798
232079930
232540264
232568235
232603560
232612416
232641326
232679662
232967440
232967666
232976128
232982558
232982938
233047097
233053554
233059608
233068569
233078665
233087860
233120979
233188747
233211762
233390838
233497719
233503636
233541860
233681149
233684822
233719215
233720539
233735068
233823679
233948455
233951353
233953967
233964642
234112540
234330672
234489976
234519192
234523599
234825296
234994474
235037761
235683377
235684392
235902467
235905185
235937532
236312126
236387002
236445129
236714379
236775063
236815160
236887394
237086564
237101326
237104103
237184773
237185205
237200747
237205154
237221436
237222864
237320326
237751146
237808867
237885040
237913194
237922465
237924601
237928815
238004786
238059180
238061845
238086647
238171173
238176110
238197638
238197709
238374636
238542895
238586172
238597883
238932509
239134248
239136269
239154970
239332587
239816546
240148934
240681314
240968774
241173474
241196395
241225337
242083025
242120884
242536549
243014114
243185500
243200602
243244680
243297296
243333538
243335710
244161191
248075138
248111245
248250955
248387177
248391319
248434716
248434780
249067445
250386181
250484865
251094370
251848941
251852984
251855940
251878904
252474634
252479260
253044312
253132689
253434221
253728991
253990973
254113311
255704097
255760319
255930614
256364928
256621916
256783784
256886630
257060897
257241363
257567854
257605131
257774438
258402425
258510872
258777137
258796169
258801269
258804746
258871793
258920431
259126549
259129875
259168516
259230140
259353953
259377017
259389219
259511357
259592689
259701242
260043723
260128333
260130483
260271203
260298958
260304296
260304800
260417932
260476837
260609205
260647166
260708537
260797169
260985861
261108236
261136679
261257684
261258875
261369656
261867566
262435954
262471759
262530407
262530873
262662119
262715204
262746281
262880065
263003176
263075864
263179590
264508014
264544388
264678534
265077027
265146266
266593143
266980320
267263253
267484653
267489265
267527924
267545252
267561446
267572272
267574918
268301217
268334473
268371979
268403451
268604331
268644785
268766053
268823307
268914377
268924036
269269546
269400980
269450900
269558487
269701147
269850928
269892793
270219048
270341214
270342589
270380593
270468559
270472265
270507305
270515566
270604417
270841724
271042217
271168962
271169413
271354351
271478281
271581073
271722899
271806353
271891552
271893367
271900960
272086159
272167060
272211398
272212970
272213425
272236017
272672133
272707711
272758199
272785423
273231214
273695332
274138511
274151135
274194927
274662200
274762761
275248683
275384718
276128561
277014266
277099925
277103955
277507814
277634430
277683130
277871306
277890574
278138619
278198753
278199349
278348461
278415929
278683844
278866211
278895705
279251651
279327604
279425357
279740441
279741379
279999655
280031353
280095254
280097543
280206394
280210963
280437559
280803917
280830734
281459670
281541555
281575427
281716779
281731203
281837575
281885301
281909674
281924357
281979481
282498590
282576340
283307274
283722336
284173938
284174392
284288080
284326455
284441182
284450803
284475976
284679064
284738182
284747017
285048486
286094277
286355915
286864983
286865921
286916251
286923464
287080092
287190564
287196418
287225295
287231664
287256467
287474726
287563610
288132261
288185138
288242606
288391628
288636342
288636599
288735205
289164482
289535142
289539327
289661991
289793076
289988797
290036495
290131778
290348383
291555748
292321872
293435336
293457754
293567206
293612446
293617835
293687315
293708935
293853437
293954617
294090620
294179385
294301883
294395926
294500964
294869729
295354126
295541511
295562522
296739893
296780789
297967252
298372701
298647682
298663873
298666530
299023386
299158887
299220166
299780329
299798795
299799658
299897516
300038935
300293197
300579472
300599466
300810086
300871545
301051430
301160638
301289516
302333151
302381397
302518439
302659412
302773669
302895996
303204165
303317324
303523128
304021498
304042899
305048116
305424003
305767364
305943739
306263608
306362738
306510653
306955329
306996324
307111282
307210830
307610438
307733361
307734817
307809773
307915084
307956397
308034948
308050066
308073360
308098254
308172249
308208458
308307606
308883808
309254930
309257814
309402106
309787037
309791156
309792357
310002617
310003988
310009611
310294189
311035838
311121985
311183180
311271011
311408969
312083267
312122956
312221462
312689217
312862941
313006381
313194972
313506357
313554509
313891529
314724818
315002523
315755496
316916655
317060587
317089588
317507345
317548889
317597583
317951248
318022259
318608749
318753380
318812447
318828309
318937509
319312479
319610598
320004517
320079492
320503729
320525204
320536216
320798691
321011127
321041369
321068176
321668398
321857016
321982642
322046084
322054600
322063810
322270620
322307342
322807675
323295479
324395151
325172035
325468685
325680697
326522874
327301957
327952677
328012209
328325110
328350926
328814605
328933398
329277372
329864959
329888006
330687113
330690135
330795142
332022997
332064670
332477926
332558858
332660150
333473672
333607525
333657795
333674399
333734769
333821572
334305570
334482103
334911765
335499997
335630746
335655755
336075472
336128819
336267424
336732616
337129672
337385330
339672028
339733013
340458804
341186896
341419787
341420329
341544930
341630071
341729521
342167886
343648136
346418409
347098457
347329162
347332255
348538431
348673213
348755723
348755728
348770361
348995212
349071261
349088467
349408306
349488688
349518800
349576261
349582831
349790953
349827430
349972412
350020859
350023518
350033870
350043412
350132371
350153977
350293646
350332997
350445771
350575997
350618622
350743714
350995812
351601843
351603103
352239069
352413427
352764091
353367071
353475866
353498819
354518617
354944123
355096431
355446093
355509914
355600246
355703913
355800238
355867695
355953198
356158613
356235833
356453768
356473034
356539624
356590734
356710041
356747847
356867115
356868487
356919658
356978132
357416482
357457104
357501308
357536526
358107516
358248442
358516596
358557578
359271092
359357695
359496368
360630575
360742636
361413119
362220495
362222177
362223355
362709886
363260203
363548415
363851359
363914762
364075352
364107753
364186197
364395234
365639282
365673804
365690646
365733349
365781372
365938305
366311757
366410512
366443426
366443576
366484980
366568760
366576758
366622912
366631954
366989877
367366318
368287008
368435330
369327947
369376388
369455629
369480087
369864738
369960846
369965258
370133522
370745311
371188886
371210825
371234684
371443216
372068780
372172128
372730331
372757221
372913430
373017346
373424049
373612558
373614579
373693175
373844472
374095457
374200604
375059587
375223080
375225453
375506058
375542276
376524552
376939759
376981340
377064495
377873569
378159598
379240073
379929661
379931600
380589029
380619414
380783252
380887434
380907135
381714186
381856447
381979901
382068562
382188882
382200986
382302241
382391899
382474101
382602147
382626661
382980571
383531859
383721338
384159646
384549882
384744828
384888319
385332171
385624852
386131764
386259537
386435344
387079085
387259626
387423096
387527558
387690507
387834907
388076005
388089437
388104525
388198242
388624270
388811663
389070884
389352124
389421473
389525208
389900760
389968080
390021939
390651552
391903064
391949880
393251073
393414358
393495970
393853275
393911494
393940766
394050135
394137592
394287035
394346745
394357918
394509844
394561119
394657039
394698182
394721720
394918211
396368313
396562848
396720998
396740648
396950329
397058826
398371628
398572544
398733009
398943781
399144800
399642071
399794420
399860444
399870368
399871011
399954349
399967279
400103802
400323948
400430915
400432230
400476523
400595342
401604346
402026209
402319411
403135192
403136415
403224672
403693875
404243877
404340025
404421005
404467699
404505029
404713783
405425498
405484221
405700729
405717754
405904232
406318573
406495245
406672232
406941612
406976746
407126408
407146536
407591297
407966340
408114363
408137826
408203470
408261725
408310006
408618999
408636441
408809625
409459226
409794137
409934330
410094645
410153553
410214986
410245915
410450228
411608801
411839167
412014494
412054152
412259468
412961700
413248763
413376180
414922696
415443327
415969908
416195870
417705690
417931607
417948359
418761354
418959198
419957393
420049884
420051632
420114036
420177051
420268415
420645189
421308357
421336001
421894914
422655579
422756130
422923265
423275733
424435940
424747720
424865156
425206121
425561347
425934411
425997655
426017070
426077080
427332229
427348923
427352241
427508467
427654774
427740976
428679607
428699140
428787891
428892437
428988981
429295277
429304876
429358906
430677414
431971818
432008938
432549364
434105094
434226736
434234955
434260570
434486077
435339847
436637677
436652523
436873727
436875934
437011608
437054764
437242640
437248515
437261733
437333618
437704321
437856897
438073782
438260486
438295981
438490744
439456714
439610306
439842788
439867639
440777904
440801822
440887364
441420236
441462736
441572821
441580526
441600335
441642457
441730540
441732151
441739020
441763252
441797803
443658196
443666343
444013020
444842193
445586472
445805961
445807396
445822015
445837596
445859771
445903569
446158352
446370039
446549905
447061717
447206604
447283466
448358913
448589187
449050247
449050248
449197831
450327768
451599528
451645081
452281203
452375478
452808876
452866790
453209605
453211454
453387619
453410966
453464017
453789494
454224694
455096220
455135327
456862677
457104362
457138169
457939414
458342769
458419328
458478250
458856474
458857720
459755750
459850897
459942762
459969957
459997997
460140752
460205581
460984940
461080504
461271719
461662295
461867584
462162948
463402815
464296022
464646604
467179528
467281353
467651916
467783290
467971286
468148930
468832904
468880077
468981993
468987719
468997317
469212332
470678283
470974162
470987100
686072378
742648307
1400770435
1551345500
1718201850
1884091865